1	1	NA
1	2	0.798737913107161
1	3	0.25203381039705
1	4	1.3910090557203
1	5	1.32270007821559
1	6	1.83096967333809
1	7	1.13716801319096
1	8	0.31937527344729
1	9	0.746070668104032
1	10	0.730577094561107
1	11	1.08428565129805
1	12	1.06267152996671
1	13	0.376949269468856
1	14	1.38914974683659
1	15	0.333915717219298
1	16	0.604858059362828
1	17	0.279745943440396
1	18	0.416111557421021
1	19	0.347154434948414
2	2	NA
2	3	0.339159634656425
2	4	1.66563786707149
2	5	0.565429678185798
2	6	1.34335104557606
2	7	1.4910312814637
2	8	0.471709794024587
2	9	0.607600810120801
2	10	2.04578902970156
2	11	1.70654435737172
2	12	2.29304489093164
2	13	0.631541018671483
2	14	2.45347717487605
2	15	0.643896271404946
2	16	1.9474396021984
2	17	0.50507896112305
2	18	0.315539733756461
2	19	0.589581388569346
3	3	NA
3	4	0.235439772967899
3	5	0.220112883857193
3	6	0.264774827534661
3	7	0.42886179378907
3	8	0.900548189503471
3	9	0.22961310799706
3	10	0.33858903653198
3	11	0.295711625439726
3	12	0.2136164513226
3	13	0.457527255361985
3	14	0.261858782097036
3	15	0.670158430469286
3	16	0.412747921763298
3	17	0.545972232356916
3	18	0.536157627639568
3	19	0.602025860268859
4	4	NA
4	5	0.385375038109651
4	6	0.581792276528143
4	7	1.42957860805678
4	8	0.78962985406883
4	9	0.356885371974052
4	10	0.599835688536779
4	11	0.698174484145891
4	12	1.07614891290227
4	13	0.392878651664148
4	14	6.53701663333988
4	15	0.321018406520807
4	16	0.559533734419662
4	17	0.231848971820201
4	18	0.24439414543674
4	19	0.286379711495258
5	5	NA
5	6	0.929640559203412
5	7	0.737266204249613
5	8	0.303479258337151
5	9	0.641814996073968
5	10	0.552603129041714
5	11	0.644368763603659
5	12	0.867876809545824
5	13	0.292838582771568
5	14	1.31694664290249
5	15	0.285841052168269
5	16	0.477150906756265
5	17	0.241569210588619
5	18	0.298756281134106
5	19	0.334574023471292
6	6	NA
6	7	1.74585891265034
6	8	0.42968696237657
6	9	1.42858286889865
6	10	1.48279259605974
6	11	1.64847005093973
6	12	0.975127531834287
6	13	0.439191822610354
6	14	1.51499606667174
6	15	0.434167620030651
6	16	1.2622675201418
6	17	0.301337230665513
6	18	0.315544970718821
6	19	0.430964160861406
7	7	NA
7	8	0.700138373602813
7	9	1.40911383872955
7	10	1.48939335116334
7	11	1.54708697178123
7	12	1.22978817447824
7	13	0.45747405929214
7	14	1.88825641676296
7	15	0.481442059190847
7	16	1.12980505067974
7	17	0.383579300064969
7	18	0.358279785728736
7	19	0.49877237984887
8	8	NA
8	9	0.561139605039599
8	10	0.693419606392278
8	11	0.505823024219853
8	12	0.295385970131829
8	13	0.852063428072221
8	14	0.365911928234853
8	15	0.685983378749594
8	16	0.863480871010128
8	17	0.546024959516099
8	18	0.449761665901174
8	19	1.33909579031875
9	9	NA
9	10	0.957339733257228
9	11	2.17015942295768
9	12	0.453255610944497
9	13	0.364221906293516
9	14	0.585114693287005
9	15	0.388595124520477
9	16	0.913616263622544
9	17	0.276250203609458
9	18	0.358709651795617
9	19	0.401843846201773
10	10	NA
10	11	2.1832411334597
10	12	1.09258505746278
10	13	0.595633080979715
10	14	1.190019897677
10	15	0.758994165907014
10	16	3.08161137746329
10	17	0.419487938442853
10	18	0.381807863065091
10	19	0.660894118244386
11	11	NA
11	12	0.930495909222765
11	13	0.543114544344328
11	14	1.01947388821141
11	15	0.567119138945038
11	16	1.54020642371647
11	17	0.500671704903167
11	18	0.330557510020369
11	19	0.603549373678759
12	12	NA
12	13	0.3790160103908
12	14	1.51824558914404
12	15	0.411685281281829
12	16	0.84957044302156
12	17	0.248735764851657
12	18	0.269519978786106
12	19	0.342846072375621
13	13	NA
13	14	0.425799656392605
13	15	1.52905339493117
13	16	0.587986030632891
13	17	1.55706797965431
13	18	0.435600345894116
13	19	0.734095464888673
14	14	NA
14	15	0.448342263310161
14	16	1.14130430337408
14	17	0.273908963736178
14	18	0.270676936636155
14	19	0.430812927257893
15	15	NA
15	16	0.590677370191834
15	17	1.30747286635051
15	18	0.555103945147033
15	19	2.36136654968638
16	16	NA
16	17	0.400669920858388
16	18	0.323243030874743
16	19	0.604054878313727
17	17	NA
17	18	0.508212589939579
17	19	0.524548077607221
18	18	NA
18	19	0.538455369891481
19	19	NA
