9	18	44318
7	15	3766
17	17	204303
5	15	6397
16	16	29159
3	14	3982
10	14	3154
12	12	51075
10	13	2275
2	18	10872
1	17	24266
14	14	17446
5	19	12872
8	11	6120
11	11	25943
9	19	6636
5	6	16765
10	19	5464
9	9	77926
4	16	625
12	17	5143
4	13	526
2	10	3900
15	16	2639
2	5	5019
9	12	4030
5	9	20462
6	6	24467
2	12	5674
5	5	204318
7	16	5858
6	9	11055
2	16	3450
3	3	263313
16	17	5932
5	17	17896
7	11	9504
8	14	3108
7	8	12517
7	9	15705
7	19	6709
1	3	26985
1	12	25787
12	18	21658
2	17	4474
2	13	1341
7	14	8143
2	2	14334
9	17	8789
12	19	3679
2	15	1721
11	17	8782
5	10	8822
3	7	13724
1	5	114973
1	13	7850
12	14	5223
9	11	16368
6	14	4536
10	11	8243
6	18	22074
10	12	4863
12	15	2569
17	19	20139
8	17	27857
2	19	2710
19	19	79940
4	9	857
3	18	189192
8	13	10429
4	14	6073
18	19	80241
2	14	3615
11	15	3002
3	9	9020
2	4	1113
3	19	28538
11	16	5404
8	18	88982
8	10	7620
6	15	2358
14	15	1666
1	4	9119
1	1	187977
6	8	5334
7	10	8310
9	16	5816
9	15	3732
4	8	3042
13	17	27629
1	14	20077
1	6	38672
14	19	2753
2	9	2314
5	12	17982
7	13	2843
14	17	3373
6	17	5423
3	16	7546
14	18	12962
5	16	7079
15	18	48175
3	12	5454
2	8	2882
7	12	8906
13	18	30046
10	10	25444
4	6	790
1	9	27856
16	18	18607
1	19	15641
10	16	9820
5	18	85685
4	12	1679
6	11	7031
6	10	5744
14	16	2811
15	19	27370
2	3	3710
9	14	3098
4	18	5311
4	15	541
13	15	8188
5	11	11326
11	12	4560
4	10	721
11	19	5494
1	15	8752
8	9	12316
5	14	16251
17	18	145458
6	19	4025
12	13	1879
9	10	6558
1	10	13660
8	15	10568
3	8	56722
1	8	19120
1	7	34587
4	5	2157
3	11	6405
13	19	6760
5	8	15515
1	16	10510
3	15	18481
1	11	22321
5	7	19147
3	5	20129
13	14	1257
6	13	1895
13	13	37868
3	10	6661
3	6	5884
4	19	830
10	17	6683
7	17	9941
2	11	3582
3	4	1624
4	4	11849
12	16	3514
3	17	49825
7	18	36073
11	14	2975
6	7	11004
3	13	10025
4	11	924
13	16	2087
2	7	4625
11	18	22539
1	2	8304
16	19	4641
15	15	34795
18	18	864085
6	12	4903
8	8	118199
6	16	4544
8	16	8818
8	12	4213
4	7	2796
11	13	2284
10	18	23648
1	18	139611
2	6	2893
9	13	2779
10	15	3649
4	17	1295
5	13	5207
15	17	29200
8	19	35469
7	7	39048
