11	11	NA
9	9	NA
16	16	NA
10	10	NA
12	12	NA
2	2	NA
4	4	NA
14	14	NA
7	7	NA
6	6	NA
1	1	NA
5	5	NA
8	8	NA
3	3	NA
13	13	NA
17	17	NA
15	15	NA
19	19	NA
18	18	NA
10	11	0.16539
10	12	0.15625
10	13	0.23837
10	14	0.12597
10	15	0.22456
10	16	0.13342
10	17	0.17272
10	18	0.1168
10	19	0.15729
1	10	0.092041
11	12	0.20545
11	13	0.24378
11	14	0.20607
11	15	0.23633
11	16	0.19215
11	17	0.18295
11	18	0.13343
11	19	0.17326
1	11	0.12278
1	12	0.085242
1	13	0.17122
1	14	0.085442
1	15	0.16336
1	16	0.13034
1	17	0.11494
1	18	0.064361
1	19	0.10283
12	13	0.27342
12	14	0.13848
12	15	0.25921
12	16	0.20836
12	17	0.20957
12	18	0.14558
12	19	0.19172
1	2	0.12216
13	14	0.28355
13	15	0.16569
13	16	0.25123
13	17	0.099001
13	18	0.089942
13	19	0.10998
1	3	0.10737
14	15	0.26606
14	16	0.19181
14	17	0.21308
14	18	0.147
14	19	0.1936
1	4	0.1998
15	16	0.23525
15	17	0.096321
15	18	0.086723
15	19	0.08072
1	5	0.042898
16	17	0.18401
16	18	0.13166
16	19	0.16505
1	6	0.060284
17	18	0.03268
17	19	0.055048
1	7	0.063119
18	19	0.034816
1	8	0.11257
1	9	0.077249
2	10	0.16472
2	11	0.225
2	12	0.13684
2	13	0.30343
2	14	0.14566
2	15	0.28612
2	16	0.21007
2	17	0.23176
2	18	0.16792
2	19	0.2152
2	3	0.22596
2	4	0.29988
2	5	0.1657
2	6	0.17045
2	7	0.16196
2	8	0.22751
2	9	0.19929
3	10	0.1654
3	11	0.17706
3	12	0.20201
3	13	0.10579
3	14	0.20586
3	15	0.094346
3	16	0.17312
3	17	0.037328
3	18	0.024782
3	19	0.040552
3	4	0.32013
3	5	0.12822
3	6	0.15346
3	7	0.15767
3	8	0.050571
3	9	0.10346
4	10	0.2281
4	11	0.33267
4	12	0.25739
4	13	0.42438
4	14	0.14875
4	15	0.38389
4	16	0.33114
4	17	0.32439
4	18	0.24225
4	19	0.29857
4	5	0.25584
4	6	0.29291
4	7	0.27468
4	8	0.3261
4	9	0.31185
5	10	0.13589
5	11	0.14464
5	12	0.13341
5	13	0.18745
5	14	0.13779
5	15	0.1841
5	16	0.16713
5	17	0.13414
5	18	0.087347
5	19	0.12645
5	6	0.095812
5	7	0.10378
5	8	0.1339
5	9	0.09056
6	10	0.12785
6	11	0.14353
6	12	0.13485
6	13	0.22148
6	14	0.1434
6	15	0.21312
6	16	0.16406
6	17	0.15963
6	18	0.10462
6	19	0.147
6	7	0.091236
6	8	0.15453
6	9	0.11262
7	10	0.11552
7	11	0.15877
7	12	0.13103
7	13	0.2248
7	14	0.13717
7	15	0.21827
7	16	0.16491
7	17	0.16487
7	18	0.10984
7	19	0.1525
7	8	0.15888
7	9	0.12375
8	10	0.16531
8	11	0.18023
8	12	0.20453
8	13	0.1325
8	14	0.21006
8	15	0.11694
8	16	0.16316
8	17	0.06951
8	18	0.043348
8	19	0.044293
8	9	0.11246
9	10	0.13459
9	11	0.11156
9	12	0.17511
9	13	0.17275
9	14	0.17473
9	15	0.16966
9	16	0.16279
9	17	0.11146
9	18	0.069828
9	19	0.10841
